image: ./thirdfloor.pgm
resolution: 0.050000
origin: [2.544971, -16.153816, 0.000000]
negate: 0
occupied_thresh: 0.65
free_thresh: 0.196

