image: thirdfloor_extended.pgm
resolution: 0.050000
origin: [68.980896, -1.546769, 0.000000]
negate: 0
occupied_thresh: 0.65
free_thresh: 0.196

